12

5

5
3

5
3
-1

5
3
3
-1
-1

5
5
5
-2

5
3
3
3
-1
-1
-1

6
2
2
2
2
-2
-1
-1
-1

2
3
5
6
5
4
8
9
5
3
-1
6
5
3
-1
-1
-1
-1
-1
-1
-1
-1
5
6
5
3
5
5
4

66

1
2
14
16
17
-1
-4
-1
3
4
5
6
7
8
9
10
11
12
-1
-2
-1
-1
-1
-1
-2
-1

2
2
2
2
2
2
2
2
2
2
2
2
2
2
2
2
2
2
2
2
2
2
2
2
2
2
2
2
2
2
-30
-29
-28
-27
-26
-25
-24
-23
-22
-21
-20
-19
-18
-17
-16
-15
-14
-13
-12
-11
-10
-9
-8
-7
-6
-5
-4
-3
-2
-1

2
2
2
2
2
2
2
2
2
2
2
2
2
2
2
2
2
2
2
2
2
2
2
2
2
2
2
2
2
2
-24
-23
-22
-21
-20
-19
-18
-17
-16
-15
-14
-13
-12
-11
-10
-9
-8
-7
-6
-5
-4
-3
-2
-1
