4

5

5
3

5
3
-1

5
3
3
-1
-1

124

5
3
5
3
5
3
5
3
5
3
-9
-7
-5
-3
-1

4
4
4
4
4
4
4
4
4
4
4
5
5
5
5
5
5
5
5
5
5
-20
-19
-18
-17
-16
-15
-14
-13
-12
-11
-10
-9
-8
-7
-6
-5
-4
-3
-2
-1
-1

10
10
10
10
-4

10
10
10
10
-1
-1
-1
-1

9
6
3
1
-3
-2
-1

2
4
6
8
5
8
6
4
2
5
5
5
8
6
4
2
1
2
6
2
-20
-19
-18
-17
-16
-15
-14
-13
-12
-11
-10
-9
-8
-7
-6
-5
-4
-3
-2
-1
-1

8
8
8
8
8
8
8
8
8
8
8
-8
-6
-4
-2
-1
-1
-1
-1
-1
-1
-1

8
8
8
8
8
8
8
8
8
8
-9
-7
-5
-3
-1
-1
-1
-1
-1
-1
-1

5
5
5
5
5
5
5
-7
-6
-5
-4
-3
-2
-1