19

5

5
3

5
3
-1

5
3
3
-1
-1

124

124
-1

1
3
2
-2
-1
-1

41
41
41
-2
-2
-1

123

123
-1

13
13
13
13
13
13
13
13
13
-9
-8
-7
-6
-5
-4
-3
-2
-1

13
13
13
13
13
13
13
13
13
-2
-2
-2

1
1
1
1
1
1
1
1
1
1
1
1
1
1
1
1
1
1
1
1
1
1
1
1
1
1
1
1
1
1
1
1
1
-1
-1
-1
-1
-1
-1
-1
-1
-1
-1
-1
-1
-1
-1
-1
-1
-1
-1
-1
-1
-1
-1
-1
-1
-1
-1
-1
-1
-1
-1
-1
-1
-1

100
1
1
-2

1
1
100
-3

1
2
3
5
7
11
11
7
5
3
2
1
-5
-2
-2
-3
-1

1
1
2
3
5
8
13
21
34
21
13
-10
-2
-3
-2
-1

1
2
3
4
5
4
3
2
1
-5
-5
-4
-1
-1
-1

2
-1
