24

5

5
3

5
3
-1

5
3
3
-1
-1

10
100
5
1
-3
-3

1
-1
1
1
-1
-1
3
4
5
-2
-1
3
-2
-1

10
100
5
1
-3
-2

10
100
5
1
-2
-1

10
100
5
1
-4

10
100
5
1
1
-2
-3
-2

10
100
5
1
1
1

10
100
5
1
2

10
100
5
1
3

124
-1
-1

62
60
-1
61

1
2
3
4
5
6
7
8
9
10

1
2
3
4
5
6
7
8
9
10
-10
-8
-5
-3

48
54
20

100
2
4
6
8

3
6
9
56
7
8
9
15

11
11
11
11
11
11
11
11
11
11

1
2
3
4
5
-1
6
7
-8
9
10
11
12
-100
14
16
-50
-2
-19
-10
1
2

10
12
24
-3
25
-3
24
-3
3
3
3
3
6
7
-1
-1
-1
-1
-1
-1
-1
-1

10
10
10
10
-1
10
-3
9