15

5
6
5
4
-2

5
6
5
4
-2
-2

5
6
5
4
-2
-2
22
10

5
6
5
4
-2
-2
22
10
-3

5
6
5
4
-2
-2
22
10
-3
-1
-1
-1

124

124
-1
124

62
60

60
1
60

60
1
60
-2
-1
-1

1
1
1
1
1
1
1
1
1
1
1
1
1
1
1
1
1
1
1
1
1
1
1
1
-2
-3
-4
-5
-6
-7
-8
-9
-2
-4
-2
-3
-2

1
1
1
1
1
1
1
1
1
1
1
1
1
1
1
1
1
1
1
1
1
1
1
1
-1
-1
-1
-1
-1
-1
-1
-1
-1
-1
-1
-1
-1
-1
-1
-1
-1
-1
-1
-1
-1
-1
-1
-1

10
10
10
10
10

10
10
10
10
10
-1
-3
10
10
-3

1
1
1
1
1
1
1
1
1
1
1
1
1
1
1
1
1
1
1
-1
-1
-1
-1
-1
-1
-1
-1
-1
-1
-1
-1
-1
-1
-1
-1
-1
-1
-1