28

5

5
3

5
3
-1

5
3
3
-1
-1

5
3
-1
3
-1

500
-1

500
5
3
-2

-1

124

5
3
3
-3
-1
-1

-100

24
60
36
5

3
7
5
3
8
9
10
20
-2
-5
-2

9
18
97
2
35
20
14
12
7

-1
5
10
10
-4
10
-2
79
-1

10
10
10
10
10
10
10
10
10
-8
-7
-6
-5
-4
-3
-2
-1

10
10
10
10
10
-5

10
10
10
10
10
10
-4

10
10
10
10
10
-3

10
10
10
-5
10
10
-5
-3
-3

10
10
10
10
10
-1
-1
-1
-1
-1

10
10
10
10
10
-1
-2

20
-1

4
6
5
2
7
8
1
9
-45
-2
-6
-1

1
2
3
4
5
6
7
8
9
10
-1
-2
-3
-4
-5

5
3
4
-1

115
4
2
5

110
13
-2
14
-2
-1
124
-1