14

5

5
3

5
3
-1

5
3
3
-1
-1

1
1
1
1
1
1
1
1
1
1
1
1
1
1
1
1
1
1
1
1
1
1
1
1
1
1
1
1
1
1
1
1
1
1
1
1
1
1
1
1
1
1
1
1
1
1
1
1
1
1
1
1
1
1
1
1
1
1
1
1
1

5
5
5
5
5
5
5
5
5
5
5
5
5
5
5
5
5
5
5
5
-2
-3
-4
-5
-6
-7
-8
-9
-10
-11

10
10
10
10
10
10
10
10
10
10
10

10
10
10
10
10
10
10
10
10
10
10
-2

10
10
10
10
10
10
10
10
10
10
10
-2
-1

10
10
10
10
10
10
10
10
10
10
10
-1
-1

10
10
10
10
10
10
10
10
10
10
10
-10
-10

10
10
10
10
10
10
10
10
10
10
10
-11
-10

10
10
10
10
10
10
10
10
10
10
10
-2
-3
-2

124
-1
124
-1
124
-1
