19

1
-1

1
2
3
4
5

1
1
1
1
1
1
1

1
1
1
1
1
1
1
-3
-3
-3
-2

124

20
20
20
-2
-2

7
12
15
23
19
-3
-1
-2

16
23
45
-3
-1

7
3
8
14
56
-5
34
-2
-2

76
4
5
1
2

12
45
32
12
-2
-2

21
12
2
3
10
34
-1
-1
-1
-1
-1
2
3
10
19
-2
10
-1
-1
20

12
2
18
9
10
12
-6
-5
-4
-3
-2
-1

13
12
-1
15
-2
20
-1
16
5
9
5
-4
16
-1
-1
-1

20
-1
10
9
8
7
6
5
4
3
2
1

15
15
15
15
15
-2
-3

12
5
10
11
4
7
9
-5
-2
4
10
-2
-2
1
14
-4

11
-1
65
3
-2
2
1
-1
1
19
17
-3
10

14
9
10
6
40
-3
1
4
-2
19
-3
1
1
1
1
-3
-1
-2
10
13
-2
-3
