19

5

5
3

5
3
-1

5
3
3
-1
-1

50
10
20
30
10
-3
-3
-1

100

50
10
20
30
10
-2
-3
20

50
10
20
30
10
-2
-3
20
-4

50
10
20
30
10
-2
-3
20
-4
7

50
10
20
30
10
-2
-3
20
-4
7
-1
31

50
10
20
30
10
-2
-3
20
-4
7
-1
31
19

50
10
20
30
10
-2
-3
20
-4
7
-1
31
19
-4
19

50
10
20
30
10
-2
-3
20
-4
7
-1
31
19
-4
19
-2
-3
29

50
10
20
30
10
-2
-3
20
-4
7
-1
31
19
-4
19
-2
-3
29
-1
-2

17
19
13
11
23
29
-1
5

17
19
13
11
23
29
-1
5
-3
-4
17

17
19
13
11
23
29
-1
5
-3
-4
17
-5

17
19
13
11
23
29
-1
5
-3
-4
17
-5
-3
-3

17
19
13
11
23
29
-1
5
-3
-4
17
-5
-3
-3
-1
-1