19

5

5
3

5
3
-1

5
3
3
-1
-1

124

124
-1

13
13
13
13
13
13
13
13
13
-9
-8
-7
-6
-5
-4
-3
-2
-1

13
13
13
13
13
13
13
13
13
-2
-2
-2

1
1
1
1
1
1
1
1
1
1
1
1
1
1
1
1
1
1
1
1
1
1
1
1
1
1
1
1
1
1
1
1
1
-1
-1
-1
-1
-1
-1
-1
-1
-1
-1
-1
-1
-1
-1
-1
-1
-1
-1
-1
-1
-1
-1
-1
-1
-1
-1
-1
-1
-1
-1
-1
-1
-1

100
1
1
-2

1
1
100
-3

1
1
2
3
5
8
13
21
34
21
13
-10
-2
-3
-2
-1

1
2
3
4
5
4
3
2
1
-5
-5
-4
-1
-1
-1

2
-1

1
-1

100
-1
100
-1

52
3
6
-3
-1
1
-2
-1

1
1
1
-2
1
1
-2

1
1
1
1
1
1
1
1
1
1
1
1
1
1
1
1
1
1
1
1
1
1
1
1
1
1
1
1
1
1
1
1
1
1
1
1
1
1
1
1
1
1
1
1
1
1
1
1
1
1
1
1
1
1
1
1
1
1
1
1
1
