35

68
45
6
1
-2
-3
-2
-1

107
9
5
-1
-2
-1

83
25
13
-2
-2

96
3
18
2
-2
-2
1
-3
-1
-1

1
30
68
2
-1
1
-4
7

45
-1
70
4
-2

77
-1
36
-1
2
-1
2
3
-2
-1

89
9
12
-2
4
-1
3
2
-1
-1
-2

39
23
-2
17
23
5
7
-1

37
44
20
16

80
9
-1
-1
19
1
10
-3
-1
-1

41
50
-2
6
5
8
2
3
2

2
-1
6

29
45
43
-2
2
1
-3

8
-1
55
43
14
-1

51
-1
41
30
-1
-1

42
-1
9
-1
20
8
23
8
1
5
-2
-3

39
20
-2
36
-1
19
5
-1
-1

40
13
1
-1
41
14
-1
1
-4
2
-3
1
-3
1

46
-1
70
3
2
-1

29
91
2
-2
-2
-1

44
-1
7
50
3
15
-2

85
3
6
2
-2
13
-2
-3
9

60
63
-1
-1

99
12
-1
4
-1
-1
1
3
-1
-1

36
33
19
10
16
3
1
-3
-5
-1
-1
-3
-1
-1

16
22
44
-2

58
-1
9
31
16
6
-1
-3
-1
-1

25
-1
90
5

26
-1
31
47
17
-1
-1
-1

38
75
3
4
-1
-2

89
9
-2
12
4
5

104
19
-1
-1

60
43
-2
-1

11
5
7
93

