15

5

5
3

5
3
-1

5
3
3
-1
-1

4
4
4
5
1
-1
4
-5

2
2
2
2
2
-1
-1
-1
-1
-1
2
2
2
2
2
-1
-1
-1
-1
-1
2
2
2
2
2
-1
-1
-1
-1
-1
2
2
2
2
2
-1
-1
-1
-1
-1
2
2
2
2
2
-1
-1
-1
-1
-1

10
10
10
-1
-1
-1

20
10
-1
-1
10
10
-1
-1
10
10
-1
-1
10
10
-1
-1
10
-1
10
-1

1

124

1
-1
1
-1
1
-1
1
-1
1
-1
1
-1
1
-1
1
-1
1
-1
1
-1
1
-1
1
-1

5
5
5
5
5
5
5
5
5
5
5
5
5
5
5
-1
-1
-1
-1
-1
-1
5
5
5
-1
-1


31
31
31

31
31
31
-1
-1
-1

1
1
1
1
2
2
2
2
3
3
3
3
4
4
4
4
5
5
5
5
-5
-1
-2
-3
-1
-2
-1
-1
-1
-1