24

5

5
3

5
3
-1

5
3
3
-1
-1

124

5
3
3
-1
1

5
3
3
-1
-2
-1

5
-1
50
-1
120
-1
80
-1
1
-1

20
20
-1
19

20
20
-1
19
-2

10
10
10
10
10
10
10
10
10
10
10
3

25
25
25
25
15
2
1

25
25
25
25
15
2
1
-5
-3
-3

1
120
1
-2

1
119
1

1
119
1
-3

1
119
1
-2
1
5
16
18
20
-3
-4
-5

100
20
-1
5
10
2
10
14
28
15
4

100
20
-1
5
10
2
10
14
28
15
4
-7
-5
-3
-1

100
20
-1
5
10
2
10
14
28
15
4
-7
-5
-3
-1
-5
-4
-3
-2
-1

124
-1
50
20
-1
13
-2
1
10
15
-3
80

1
1
1
1
1
1
1
1
1
1
1
-4
-4
-4
-4
-4

2
2
2
2
-1
-2
-2
5

2
2
2
2
2
2
2
2
2
2
-2
-2
-4
-4
