15

5

5
3

5
3
-1

5
3
3
-1
-1

2
3
4
5
-1
-1
-1
-1

1
-1
1
-1
1
-1
1
-1
1
-1
1
-1

10
100
5
1
-2
-1

10
100
5
1
-4

50
10
20
30
10
-2
-3
20
-4
7
-1
31
19
-4
19

50
10
20
30
10
-2
-3
20
-4
7
-1
31
19
-4
19
-2
-3
29

5
-1
6
-1
100
20
-2
10
-1
10
10
10
-2

10
10
10
10
10
-3

10
10
10
-5
10
10
-5
-3
-3


2
3
5
6
5
4
8
9
5
3
-1
6
5
3
-1
-1
-1
-1
-1
-1
-1
-1
5
6
5
3
5
5
4

2
2
2
2
2
2
2
2
2
2
2
2
2
2
2
2
2
2
2
2
2
2
2
2
2
2
2
2
2
2
-30
-29
-28
-27
-26
-25
-24
-23
-22
-21
-20
-19
-18
-17
-16
-15
-14
-13
-12
-11
-10
-9
-8
-7
-6
-5
-4
-3
-2
-1
