21

5

5
3

5
3
-1

5
3
3
-1
-1

5
5
5
5
5
-1
-1
-1
3
3
-1
-1

124

30
30
-1
-1

1
1
1
-2
-2
-1

10
-1
20
30
10
-2
-1
50
20
-3
-1

40
40
10
3
-3
-2
-1
20
5
9
-3

5
10
-2
-1
50
20
-1

30
10
-2
-1
50
20
-2
-1
50
20
10
-2
-1
50
20
-2

50
20
10
-2
-1
20
5
9
1
1
-5

30
10
-2
-1
50
20
6
7
-3
-1
50
20
10
-2
-1
50

4
60
20
2
-4
-3
-2
-1

1
2
3
4
5
-3
-3
-3
-2
-1
124

61
61

49
3
2
4
59
-5
20
30
-1
-1
-1

20
30
-1
-1
20
2
20
5
9
1
1
-5
-4
-3
-2
20
30
-1

50
20
-2
-1
50
20
10
-2
-1
50
20
3
4
20
1
-3
-2
-1

124
-1
124
-1
10
10
10
10
10
10
10
10
10
10
-8
-7
-6
-5
-4
-3
-2
-1
30
